  30    -8.091201195196476E+00    -8.091201195196476E+00          energy(eV)= -2.2017278E+02 enthalpy(eV)= -2.2017278E+02 ucvol(ang3)=  2.3855296E+01
   1.08848267738047      -0.544239982908242        1.87863008255162     
 -0.544235552407468      -0.512756987476879        11.6660011427029     
     5.947047296178739E-01     1.075797394712259E+00     1.709682109292855E-01  LA      1
     5.047202083904737E-02     1.370996441635628E+00     1.027078960202340E+01  LA      2
     5.947033349082489E-01     5.157989492042454E-02     6.105240384497999E-01  LA      3
     5.047313756798314E-02     6.873522056103442E-01     8.925571082417486E+00  LA      4
     5.947039572716433E-01     1.177708844100382E-01     2.466811926475780E+00  LA      5
     5.047226112744135E-02     6.212383717180272E-01     7.072464031505080E+00  LA      6
    -4.937782449127854E-01     1.720826662813813E+00     1.544015403337715E+00  LA      7
    -4.937686623738416E-01     4.891690451995905E-01     9.886276682975353E+00  LA      8
     5.046614470943547E-02     8.276431579904832E-02     4.434680528663772E+00  LA      9
    -4.937681581083295E-01     8.979539239781862E-01     7.992292005652572E+00  LA     10
     5.046251497922686E-02     8.868912731696388E-01     1.083282762204187E+00  LA     11
     5.947121206295739E-01     1.722659329109483E-02     6.350127552236588E+00  LA     12
     5.047187484315433E-02    -3.369521898799578E-01     9.365316717024161E+00  LA     13
     5.947055877638241E-01    -1.527702344929130E-01     3.506246882760433E+00  LA     14
    -4.937728642516058E-01    -2.630828766181948E-01     1.131590815594579E+01  LA     15
     5.047010873463156E-02     9.131787879127969E-01     6.052102857786833E+00  LA     16
     5.947138471955145E-01    -1.478824690755980E-01     8.453136158028837E+00  LA     17
     5.046260915300558E-02     1.002496078882853E+00     2.164564816764300E+00  LA     18
     5.046409069319487E-02     7.255610166314830E-01     3.178139893486794E+00  LA     19
    -4.937708151828970E-01     7.336937967056121E-01     1.093145048979906E+01  LA     20
     5.947135110709272E-01    -2.614597682679867E-01     7.369984027841002E+00  LA     21
     5.046763738021127E-02     1.181841297686831E+00     5.011507103850452E+00  LA     22
    -4.937756508959317E-01     9.462941004938707E-01     4.083315042296412E+00  LA     23
     5.947093228337479E-01     3.039451255363965E-01     5.339858223802057E+00  LA     24
    -4.937714584065378E-01     1.539601910109544E+00     5.684670754087390E+00  LB     25
    -4.937774381921495E-01     1.365951312694224E+00     2.830458040304455E+00  LB     26
     5.047060601870299E-02     1.130549819263697E-01     1.060106879321682E+01  LB     27
     5.947035269065452E-01     5.203463088874130E-01     1.668529748906985E+00  LB     28
     5.047271497478175E-02     2.188561440920788E-01     7.868920216345491E+00  LB     29
    -4.937692032216778E-01     1.260968144019818E+00     6.712972263539045E+00  LB     30
