  30    -8.258698723699668E+00    -8.258698723699668E+00          energy(eV)= -2.2473062E+02 enthalpy(eV)= -2.2473062E+02 ucvol(ang3)=  2.3680892E+01
   1.11903788697608       0.559520145765075        1.86227516464574     
  0.559521129538119       0.312800608969465        11.3634293583942     
     3.334158244332616E-01     8.282199635694019E-01     1.273468718945544E-01  LA      1
     2.011973237780799E+00     1.741922953800146E+00     1.008807045989549E+01  LA      2
     3.334178089299939E-01     1.901387033501618E-01     1.466709666354169E+00  LA      3
     1.452453989971626E+00     2.022010951474811E+00     9.190607308153156E+00  LA      4
     1.452456944156525E+00     1.248517986557712E+00     1.961237089551884E+00  LA      5
     8.929366540314355E-01     8.481590413132267E-01     6.792419190367998E+00  LA      6
     1.452455178302663E+00     1.848095573476467E+00     5.569837108634904E-01  LA      7
     8.929347298269668E-01     1.285021402052825E+00     8.608230629430382E+00  LA      8
     8.929391357687246E-01     9.297122023833683E-01     3.942868047782959E+00  LA      9
     1.452454243715949E+00     1.057958288524288E+00     7.704113634026526E+00  LA     10
     3.334188475554025E-01     1.231374245937147E-01     2.543016894619274E+00  LA     11
     1.452458017460211E+00     1.182480486297676E+00     4.830464436123616E+00  LA     12
     1.452453593639905E+00     1.006519893003647E+00     9.501947552379567E+00  LA     13
     1.452458472307850E+00     1.711942532155252E+00     3.426872815906139E+00  LA     14
     1.452454218684248E+00     9.368684165895970E-01     1.058009840234741E+01  LA     15
     8.929380045857168E-01     9.084709799705889E-01     5.714698094310085E+00  LA     16
     8.929342744862577E-01     2.234366304262238E-01     8.110390888041747E+00  LA     17
     8.929365681720917E-01     1.023554156621176E+00     1.051596361370930E+00  LA     18
     8.929388279029592E-01     9.662828687108502E-01     2.860025178281950E+00  LA     19
     1.452455563689179E+00     1.965956205073853E+00     1.099700560435093E+01  LA     20
     8.929366522827342E-01     1.875712742705329E+00     7.197068151836083E+00  LA     21
     8.929391461155614E-01     1.928642394847862E+00     5.396275345775616E+00  LA     22
     8.929398623297778E-01     1.964470183017757E+00     4.314044162723871E+00  LA     23
     1.452456781841186E+00     1.647464709547143E+00     6.291738325239227E+00  LA     24
     8.929386812452326E-01     5.063844967105973E-01     4.868239294819053E+00  LB     25
     3.334198602564197E-01     5.259976009389140E-01     3.388179958292766E+00  LB     26
     8.929346091907476E-01     5.535641777539027E-01     1.001431488585987E+01  LB     27
     8.929375588933146E-01     5.753571977872063E-01     2.031332334848464E+00  LB     28
     1.452453146192210E+00     6.102466942468449E-01     8.675061355293639E+00  LB     29
     1.452456045313899E+00     4.589598490882701E-01     6.229435835350641E+00  LB     30
