  30    -8.265477986356046E+00    -8.265477986356046E+00          energy(eV)= -2.2491509E+02 enthalpy(eV)= -2.2491509E+02 ucvol(ang3)=  2.3665355E+01
   1.12088069058768       0.560438409647381        1.86239110924680     
  0.560438378846370       0.379852874369378        11.3365978377304     
     3.865799090598725E-01     1.748050842626158E-01     1.036189983120994E+00  LA      1
     1.507458951100244E+00     1.724020940659166E+00     3.018899011701729E+00  LA      2
     3.865799955153392E-01     1.443941516459487E-01     2.119294029440495E+00  LA      3
     9.470194146373071E-01     9.866527041008114E-01     2.437628876747391E+00  LA      4
     1.507457468410499E+00     1.511759265421952E+00     6.265423164004201E+00  LA      5
     1.507457215606986E+00     1.423748025621520E+00     9.158702742328769E+00  LA      6
     9.470180024051905E-01     5.709075931075066E-01     1.060154946938720E+01  LA      7
     1.507458320756188E+00     3.398039509912059E-01     8.638561925378683E+00  LA      8
     9.470165922225572E-01     1.736926701992248E+00     7.175993501614585E+00  LA      9
     9.470192695811095E-01     2.827343919554484E-01     4.855963739499209E+00  LA     10
     9.470178250709856E-01     6.792913421313839E-01     6.682906306029293E+00  LA     11
     9.470177072559224E-01     6.119030666374485E-01     7.757264261725598E+00  LA     12
     1.507459487215888E+00     1.258750754656738E+00     1.556331616679592E+00  LA     13
     1.507458823594216E+00     1.779560400269184E+00     1.493268678409700E-01  LA     14
     1.507457128882733E+00     1.454161755450618E+00     8.075598637064962E+00  LA     15
     9.470179010645746E-01     1.315823905811584E+00     5.338928633856202E+00  LA     16
     1.507459030767346E+00     1.123522475142922E+00     4.419319298255262E+00  LA     17
     9.470177961225755E-01     5.956105540549641E-01     9.522455342851028E+00  LA     18
     1.507457521900836E+00     1.407496316353838E+00     1.092994223618181E+01  LA     19
     9.470193059563546E-01     9.192660579980954E-01     3.511986607974922E+00  LA     20
     9.470180765994414E-01     1.949189522420242E+00     3.929469165983730E+00  LA     21
     9.470167420277879E-01     1.681382382798219E+00     1.004556648275535E+01  LA     22
     3.865781243654491E-01     4.750357171037859E-01     5.775573255346856E+00  LA     23
     9.470193299006142E-01     1.002942396449864E+00     6.724386759204061E-01  LA     24
     9.470172651498556E-01     1.016389366175469E+00     8.606336031316514E+00  LB     25
     3.865794997022681E-01     5.340997295167007E-01     2.948198638731305E+00  LB     26
     9.470198549600273E-01     5.821653540073488E-01     1.588555618110471E+00  LB     27
     1.507457627915216E+00     1.064456694362717E+00     7.246694855055634E+00  LB     28
     1.507457786342383E+00     1.006403898828098E+00     1.007123266866814E+01  LB     29
     3.865793597006519E-01     5.921478508945142E-01     1.236620788344215E-01  LB     30
