    30  -4.861953336815795E+00    -4.861953336815795E+00          energy(eV)= -1.3230048E+02 enthalpy(eV)= -1.3230048E+02 ucvol(ang3)=  1.0752083E+01
   1.10378846788802        0.000000000000000        2.73362375674502     
   0.00000000000000       -0.882462106006262        7.85649717785554  
   7.588888492097603E-01    -2.112915208103880E-01     4.423904999668892E+00          A
   2.069946154922296E-01     1.293399963208999E+00     5.746380414032066E+00          A
   7.588888491779299E-01     1.450710430146478E+00     3.667110902930330E+00          A
   2.069946147794000E-01     8.670004462350414E-01     7.609957560135807E+00          A
   2.069946144909508E-01     1.866405483787964E+00     7.197738998355696E+00          A
   2.069946144831430E-01     6.178397802724382E-01     1.976576305059138E+00          A
   7.588888494775224E-01     1.504422826601206E+00     4.812913933672855E+00          A
   7.588888491823887E-01    -1.574452119019903E-01     1.440705808024388E+00          A
   7.588888498237606E-01     8.513822944385026E-01     1.051665588552456E+00          A
   2.069946141752134E-01     6.777068327890424E-01     3.125668508260250E+00          A
   7.588888497937761E-01     2.524289172682892E+00     2.892931077221631E-01          A
   2.069946149586568E-01     7.295962058653660E-01     4.277081208242084E+00          A
   2.069946145650764E-01     1.684233134420468E+00     2.738750272983744E+00          A
   2.069946138772015E-01     2.864618958842252E-01     6.156525818990172E+00          A
   7.588888482787433E-01     7.570346721923853E-02     7.088233838913048E+00          A
   2.069946146819361E-01    -3.311206734521302E-01     3.514708727280676E+00          A
   7.588888482936663E-01    -6.486623800044231E-01     6.266345675101420E+00          A
   7.588888490699969E-01     1.569652242845819E+00     1.827624042819414E+00          A
   2.069946154726683E-01    -4.379039512259388E-01     5.334637655065340E+00          A
   2.069946161670179E-01     7.315531430242888E-01     1.424693163036865E-01          A
   7.588888483888222E-01     1.078023309471071E+00     6.676491079924039E+00          A
   2.069946162410026E-01     1.803174948384535E+00     8.992634128246579E-01          A
   7.588888489491403E-01     5.050177891947362E-01     5.225132495492373E+00          A
   7.588888484159506E-01    -9.757815921880612E-02     2.589798010744989E+00          A
   7.588888487158660E-01     3.329519988518360E-01     3.715070676397353E+00          B
   2.069946158045121E-01     1.873096225710460E-01     8.513036397706889E-01          B
   7.588888499331549E-01     1.396318485552618E+00     3.425470742123189E-01          B
   2.069946151360683E-01     1.857566892821570E+00     4.223827241765713E+00          B
   7.588888483385309E-01     1.020934009568133E+00     2.533937583692477E+00          B
   2.069946146538143E-01     2.232951367407595E+00     2.032436732342052E+00          B






  1.40851242789813      -9.287036392048069E-005   2.52834528333295     
 -0.704074336443792      -0.408944942671854        3.01922532632967     
    -1.958658861952588E-01     2.215672314008433E+00     1.054606695332122E+00  LA      1
     5.084940715992247E-01     1.618917055919548E-01     1.683367182538819E+00  LA      2
    -1.958272357774934E-01     5.836289454144172E-01     2.501460615913374E+00  LA      3
     5.083514723156267E-01     1.779366196338121E+00     3.884906760975956E-01  LA      4
    -1.958251628383919E-01     1.349873198465704E+00     1.693446407563040E+00  LA      5
     5.084570517404050E-01     9.715573353840540E-01     1.036493162127357E+00  LA      6
     5.084272871348874E-01     1.818130456315151E+00     2.306602515601407E+00  LA      7
     1.212737356531873E+00     5.618875267732870E-01     3.758883493833852E-01  LA      8
    -1.958496406917214E-01     2.235046002947394E+00     1.964844163800889E+00  LB      9
     5.084079374189158E-01     1.808500576416916E+00     1.393817289534144E+00  LB     10
     5.084640675737478E-01     9.407870287815203E-01     2.998906582677112E+00  LB     11
     1.212609589223633E+00     2.256943797275689E+00     1.596666955226529E-01  LB     12
    -1.958279117700434E-01     1.436510649247572E+00     2.564425480389565E+00  LB     13
     5.084288521295954E-01     9.592817155846119E-01     2.044785352503498E+00  LB     14
     5.084807942142756E-01     1.192017075527132E-01     7.427916897587550E-01  LB     15
     5.084179345978794E-01     9.768777875868660E-02     2.545612895883334E+00  LB     16
