  30    -7.985372163179864E+00    -7.985372163179864E+00          energy(eV)= -2.1729303E+02 enthalpy(eV)= -2.1729303E+02 ucvol(ang3)=  2.4300294E+01
   1.09068143019187       0.544759843743609        2.58031300247346     
  2.943090325287987E-003  0.222155946298194        8.63457995041929     
     7.509652124720335E-01     1.956636712933199E+00     4.557884612407844E+00  LA      1
     7.519875820930638E-01     1.395939597336653E+00     6.679898185616230E+00  LA      2
     7.515583267404656E-01     9.351222369504082E-01     4.941663751012388E+00  LA      3
     7.516187335703300E-01     6.490383878152980E-01     9.120093399913241E-02  LA      4
     7.533091359430303E-01     2.760953735867204E+00     8.061946500626014E+00  LA      5
     1.296853330439182E+00     1.553437362222834E+00     2.605607043562863E+00  LA      6
     7.507368463767405E-01     1.686674345388153E+00     5.665222529311212E+00  LA      7
     2.063017786919631E-01     1.764199269030503E-01     1.692226776213237E+00  LA      8
     1.296627234160906E+00     1.905740203208191E+00     1.316042879274808E+00  LA      9
     7.515060688488325E-01     8.530702316766751E-01     3.157721403692321E+00  LA     10
     7.511342668950711E-01     2.375756546421100E+00     4.881159429908786E-01  LA     11
     1.296792382917168E+00     1.120186908089905E+00     4.041606280646581E+00  LA     12
     1.296304657833648E+00     2.567426917823771E+00     2.591913888551145E+00  LA     13
     1.296383943224807E+00     2.360219526809792E+00     6.355447064804613E+00  LA     14
     1.298015151730516E+00     2.075125848456164E+00     7.401198987514501E+00  LA     15
     7.515530538073900E-01     1.524033553711162E-01     3.988258670444099E+00  LA     16
     2.065919765744979E-01     4.700190254146591E-01     7.018190097846169E+00  LA     17
     7.515467190822844E-01     1.086050623331452E+00     1.842514822508751E+00  LA     18
     2.060460227932653E-01     7.164684968733317E-01     5.925221183142832E+00  LA     19
     1.299594249688176E+00     1.825159111661164E+00     8.530044709778771E+00  LA     20
     7.524260350634914E-01     1.156788143142422E+00     7.721015512773495E+00  LA     21
     2.062611074719571E-01     9.173352250984540E-01     9.403999640619504E-01  LA     22
     1.296198436438684E+00     2.540685598889144E+00     5.294551552945271E+00  LA     23
     7.514016573083886E-01     1.912954067631914E+00     3.469668741317318E+00  LA     24
     2.061734487923738E-01     1.790031168908088E-01     3.280223230564742E+00  LB     25
     7.516609782881447E-01     2.305521065077890E-01     1.007774185640405E+00  LB     26
     7.515354892374230E-01     1.521246893506308E+00     6.250227931279965E-01  LB     27
     2.061777052879552E-01     2.899386498355862E-01     4.666361168276084E+00  LB     28
     2.061972264784932E-01     6.824114615054675E-01     2.440604004916656E+00  LB     29
     7.514441699890564E-01     1.972730611054706E+00     2.054557346234220E+00  LB     30
