  40    -1.070799075646784E+01    -1.070799075646784E+01          energy(eV)= -2.9137925E+02 enthalpy(eV)= -2.9137925E+02 ucvol(ang3)=  3.2271785E+01
   1.10184054894512      -0.550922584209996        3.15018669103786     
  3.711471614926041E-007 -0.205290607975946        9.29753749416644     
     4.164127701637615E-01     1.597438938596955E+00     9.086718569217991E+00  LA      1
    -1.345117260410429E-01     1.643984341266448E+00     7.298944400482896E+00  LA      2
     4.164077608602539E-01     1.020382049368051E+00     6.566114232029829E+00  LA      3
     4.164106503906085E-01     1.154733410981531E+00     8.112838992944738E+00  LA      4
     4.164102183819727E-01     2.589582960843754E+00     7.479352553175308E+00  LA      5
     4.164063856203732E-01     2.124641814841665E+00     6.482147774996839E+00  LA      6
     4.164109919560702E-01    -5.841845729249844E-02     6.665119209829074E+00  LA      7
    -1.345142950472444E-01     1.502525502266574E+00     5.757321837227781E+00  LA      8
     9.673266315270962E-01     6.395309870148024E-01     4.636253107577903E+00  LA      9
    -1.345152855081705E-01     2.644162989074019E+00     5.714628593155752E+00  LA     10
     4.164048047029548E-01     2.726915006038622E+00     4.808530107287686E+00  LA     11
    -1.345143583260445E-01     1.787953617208289E+00     4.731223632947501E+00  LA     12
     4.164068278027470E-01     1.280906867148810E+00     3.972551951044860E+00  LA     13
     9.673270697749917E-01     4.460732491764993E-01     5.768679641713256E+00  LA     14
    -1.345150046109236E-01     2.963911252268034E+00     3.930591115430215E+00  LA     15
     4.164097380198683E-01     1.314232685599372E+00     2.855345357124673E+00  LA     16
    -1.345126520437522E-01     2.026752459991544E+00     3.447896897178539E+00  LA     17
     9.673284353079943E-01     5.707921213328613E-01     3.382263228796408E+00  LA     18
     4.164089238741785E-01     2.788713220897394E+00     2.919288484273413E+00  LA     19
     9.673332186085227E-01     6.339413695592140E-01     1.393309181175203E+00  LA     20
     4.164122075648932E-01     4.091098343834992E-01     2.329776221373296E+00  LA     21
    -1.345097040719388E-01     2.051938980591683E+00     2.347342645010522E+00  LA     22
     4.164110062873917E-01     2.776915467065008E+00     1.818133931131209E+00  LA     23
     4.164118354222860E-01     2.557107119129932E+00     7.954008004528885E-01  LA     24
     4.164135369060918E-01     3.934331149892525E-01     4.678540404358336E-01  LA     25
     4.164119860840597E-01     2.718376501137321E+00     9.038122130439175E+00  LA     26
     4.164117100806878E-01     1.525218140187743E+00     1.617062695655760E+00  LA     27
    -1.345078405187828E-01     1.573931872373487E+00     6.880902304752871E-01  LA     28
    -1.345073483392092E-01     6.708026729704543E-01     8.951484646690835E+00  LA     29
     4.164128176323208E-01     5.528205212173441E-02     8.215966640986688E+00  LA     30
     9.673309056659843E-01     5.423037572988622E-01     7.394664556495385E+00  LA     31
    -1.345084316820315E-01     2.106974563313778E+00     8.301940351853114E+00  LA     32
     4.164059141643252E-01     1.146618483164919E+00     5.130541683867157E+00  LB     33
     4.164054829622529E-01     2.061128404545863E+00     5.372389902826413E+00  LB     34
     4.164067836480425E-01     2.192118687343624E+00     4.122098917321785E+00  LB     35
     4.164066823211361E-01     1.711004064580256E-01     5.140218447598351E+00  LB     36
    -1.345091197505154E-01     3.114438261241867E+00     1.224948472949719E+00  LB     37
    -1.345086275548359E-01     2.183898678581348E+00     1.408040854782173E+00  LB     38
    -1.345090364799416E-01     1.111689068343944E+00     2.179726855278614E+00  LB     39
    -1.345082104483325E-01     2.368632819537861E+00     1.512675119043862E-01  LB     40
